00000000000000000000000000000000000000000000000000000005411111111111111450000000000000000000000000000000000000000000000000000000
00000000000000000000000000000000000000000000000000511111111111111111111111111400000000000000000000000000000000000000000000000000
00000000000000000000000000000000000000000000005111111111111111111111111111111111140000000000000000000000000000000000000000000000
00000000000000000000000000000000000000000000111111111111111111111111111111111111111110000000000000000000000000000000000000000000
00000000000000000000000000000000000000001111111111111111111111111111111111111111111111110000000000000000000000000000000000000000
00000000000000000000000000000000000000111111111111111111111114444441111111111111111111111140000000000000000000000000000000000000
00000000000000000000000000000000000011111111111111111400000000000000000000511111111111111111000000000000000000000000000000000000
00000000000000000000000000000000001111111111111115000004114000000000000000000001111111111111115000000000000000000000000000000000
00000000000000000000000000000000111111111111110000005111111110000000000000000000004111111111111100000000000000000000000000000000
00000000000000000000000000000051111111111114000000011114554111400000000000000000000001111111111111000000000000000000000000000000
00000000000000000000000000000111111111111000000000111000000011110000000000000000000000011111111111100000000000000000000000000000
00000000000000000000000000001111111111100000000001110000000000111000000000000000000000000511111111114000000000000000000000000000
00000000000000000000000000111111111100000000000051100009000000011500000000000000000000000000111111111150000000000000000000000000
00000000000000000000000001111111111000000000000011500066600000051100000000000000000000000000051111111111000000000000000000000000
00000000000000000000000411111111100000000000000011000066600000001100000000000000000000000000000111111111100000000000000000000000
00000000000000000000001111111111000000000000000115006666666000005110000000000000000000000000000001111111110000000000000000000000
00000000000000000000011111111100000000000000000110066666666600000110000000000000000000000000000000111111111000000000000000000000
00000000000000000000111111111000000000000000000110066666666600000110000000000000000000000000000000051111111100000000000000000000
00000000000000000001111111110000000000000000000110666666666600000110000000000000000000000000000000004111111110000000000000000000
00000000000000000011111111100000000000000000000110C66666666600000110000000000000000000000000000000000011111111000000000000000000
00000000000000000111111110000000000000000000000110D66666666600000110000000000000000000000000000000000001111111100000000000000000
00000000000000001111111100000000000000000000000110C66666666600000110000000000000000000000000000000000000111111110000000000000000
00000000000000011111111000000000000000000000000110069666666600000110000000000000000000000000000000000000011111111000000000000000
00000000000000511111110000000000000000000000000111006666666600001140000000000000000000000000000000000000001111111100000000000000
00000000000000111111100000000000000000000000000011006666699000001100000000000000000000000000000000000000000111111110000000000000
00000000000001111111000000000000000000000000000011106696660000011100000000000000000000000000000000000000000011111115000000000000
000000000000111111110000000000000000000000000000011000066D0000511000000000000000000000000000000000000000000001111111000000000000
00000000000011111110000000000000000000000000000005110000000005115000000000000000000000000000000000000000000005111111400000000000
00000000000111111100000000000000000000000000000000011150000511100000000000000000000000000000000000000000000000011111140000000000
00000000001111111000000000000000000000000000000000001111111111000000000000000000000000000000000000000000000000011111110000000000
00000000001111115000000000000000000000000000000000000411111100000000000000000000000000000000000000000000000000001111111000000000
00000000011111110000000000000000000000000000000000000000110000000000000000000000000000000000000000000000000000000111111000000000
00000000411111100000000000000000000000000000000000000000111000000000000000000000000000000000000000000000000000000411111100000000
00000000111111500000000000000000000000000000000000000000111500000000000000000000000000000000000000000000000000000011111140000000
00000001111111000000000000000000000000000000000000000000111100000000000000000000000000000000000000000000000000000001111110000000
00000001111110000000000000000000000000000000000000000004111100000000000000000000000000000000000000000000000000000001111114000000
00000011111150000000000000000000000000000000000000000001111110000000000000000000000000000000000000000000000000000000111111000000
00000011111100000000000000000000000000000000000000000001111111000000000000000000000000000000000000000000000000000000111111100000
00000111111100000000000000000000000000000000000000000011113111100000000000000000000000000000000000000000000000000000011111100000
00000111111000000000000000000000000000000000000000000011133311100000000000000000000000700000000000000000000000000000011111140000
00005111111000000000000000000000000000000000000000000511133311110000000000000000000000777700000000000000000000000000051111110000
00001111115000000000000000000000000000000000000000000111133331111000000000000000000000077770000000000000000000000000001111110000
0000111111000000000000000000000000000000000000000000011133333311110000000000000000000000777A000000000000000000000000001111110000
000011111100000000000000000000000000000000000000000011113333331111500000000000000000000007A0000000000000000000000000000111111000
00011111100000000000000000000000000000000000000000001113333333311114000000000000000000000400000000000000000000000000000111111000
00011111100000000000000000000000000000000000000000001113333333331111000000000000000000005400000000000000000000000000000011111500
00011111400000000000000000000000000000000000000000011133333333333111100000000000000000004400000000000000000000000000000011111100
00411111000000000000000000000000000000000000000000011133333333333311110000000000000000004000000000000000000000000000000011111100
00111111000000000000000000000000000000000000000000111333333333333331111000000000000000054000000000000000000000000000000051111100
00111111000000000000000000000000000000000000000000111333333333333333111100000000000000044000000000000000000000000000000001111150
001111150000000000000000000000000000000000000000011133333333333333331111400000000000000A5000000000000000000000000000000001111110
05111110000000000000000000000000000000000000000041113333333333333333311114000000000000F77000000000000000000000000000000001111110
01111110000000000000000000000000000000000000000011133333333333333333331111100000000007777700000000000000000000000000000005111110
0111111000000000000000000000000000000000000000011113333333333333333333311111000000004A777770000000000000000000000000000000111110
01111110000000000000000000000000000000000000001111333333333333333333333311111000044445777700000000000000000000000000000000111114
0111115000000000000000000000000000000000000004111333333333333333333333333B111144444400077700000000000000000000000000000000111111
01111100000000000000000000000000000000000000011113333333333333333333333333B11114044000007770000000000000000000000000000000111111
511111000000000000000000000000000000000000001111333333333333333BB111111111111111440000004770000000000000000000000000000000111111
411111000000000000000000000000000000000000041113333B1111111111111111111111111111150000044A00000000000000000000000000000000411111
11111100000000000000000000000000000000000001111111111111111111111111111111445511111000444400000000000000000000000000000000411111
11111100000000000000000000000000000000000411111111111111445000000000000000000001111104444000000000000000000000000000000000511111
11111100000000000000000000000000000000004111400000000000000000000000000000000000411111540000000000000000000000000000000000511111
11111100000000000000000000000000000000041111000000000000000000000000000000000000001111140000000000000000000000000000000000011111
11111100000000000000000000000000000000411110000000000000000000000000000000000000000111110000000000000000000000000000000000011111
11111100000000000000000000000000000001111100000000000000000000000000000000000000000011111100000000000000000000000000000000011111
11111100000000000000000000000000000011111000000000000000000000000000000000000000000004111115000000000000000000000000000000011111
11111100000000000000000000000000000411110000000000000000000000000000000000000000000000011111100000000000000000000000000000511111
11111100000000000000000000000000001111100000000000000000000000000000000000000000000000005111115000000000000000000000000000511111
11111100000000000000000000000000411110000000000000000000000000000000000000000000000000000001111110000000000000000000000000411111
41111100000000000000000000000001111100000000000000000000000000000011111000000000000000000000111111100000000000000000000000111111
51111100000000000000000000000511111000000000000000000000000000000111111140000000000000000000001111115000000000000000000000111111
01111100000000000000000000001111110000000000000000000000000000001111111115000000000000000000000011111140000000000000000000111111
01111150000000000000000000011111000000000000000000000000000000011111111111000000000000000000000005111111400000000000000000111111
01111110000000000000000001111110000000000000000000000000000000011111111111000000000000000000000000051111111000000000000002111114
01111110000000000000000111111000000000000000000000000000000000111111111111000000000000000000000000000411111110000000000022111110
01111110000000000000011111110000000000000000000000000000000004111111111111000000000000000000000000000005111111110000000224111110
05111112220000000051111115000000000000000000000000000000000051111111111114000000000000000000000000000000000111111111002221111110
00111118222200001111111400000000000000000000000000000000000011111111111110000000000000000000000000000000000001111111122221111110
00111111222222811111150000000000000000000000000000000000000011111111111100000000000000000000000000000000000000001111222221111150
00111111222222222114000000000000000000000000000000000000000011111111111100000000000000000000000000000000000000000052222241111100
00411111222222222222000000000000000000000000000000000000000011111111111000000000000000000000000000000000000000000022222211111100
00011111122222222222220000000000000000000000000000000000000011111111115000000000000000000000000000000000000000000222222211111100
00011111122222222222222220000000000000000000000000000000000011111111110000000000000000000000000000000000000000002222222811111500
00011111122222222222222222220000000000000000000000000000000051111111100000000000000000000000000000000000000000022222222111111000
00001111112222222222222222222220000000000000000000000000000000411111000000000000000000000000000000000000000002222222222111111000
00001111110222222222222222222222222000000000000000000000000000000000000000000000000000000000000000000000000022222222221111110000
00001111114002222222222222222222222222000000000000000000000000000000000000000000000000000000000000000000000222222222221111110000
00005111111000022222222222222222222222222000000000000000000000000000000000000000000000000000000000000000022222222222241111110000
00000111111500000022222222222222222222222222000000000000000000000000000000000000000000000000000000000000222222222222211111150000
00000111111100000000222222222222222222222222222200000000000000000000000000000000000000000000000000000022222222222222511111100000
00000011111100000000000222222222222222222222222222220000000000000000000000000000000000000000000000000222222222222220111111100000
00000011111140000000000000222222222222222222222222222222000000000000000000000000000000000000000000002222222222222200111111000000
00000001111110000000000000000022222222222222222222222222222222200000000000000000000000000000000002222222222222220001111115000000
00000004111111000000000000000000022222222222222222222222222222222222000000000000000000000000000022222222222222200051111110000000
00000000111111400000000000000000000022222222222222222222222222222222222222000000000000000000002222222222222220000011111150000000
00000000511111100000000000000000000000002222222222222222222222222222222222222222220000000000222222222222222200000111111100000000
00000000011111110000000000000000000000000002222222222222222222222222222222222222222222222222222222222222222000000111111000000000
00000000001111114000000000000000000000000000000222222222222222222222222222222222222222222222222222222222222222221111111000000000
00000000001111111000000000000000000000000000000000022222222222222222222222222222222222222222222222222222222222211111110000000000
00000000000111111100000000000000000000000000000000000002222222222222222222222222222222222222222222222222222222811111150000000000
0000000000001111111000000000000000000000000000000000000000000222222222222222222222222222222222222222222222222E111111400000000000
00000000000011111111000000000000000000000000000000000000000000000002222222222222222222222222222222222222222221111111000000000000
00000000000001111111000000000000000000000000000000000000000000000000000002222222222222222222222222222222222211111115000000000000
00000000000000111111100000000000000000000000000000000000000000000000000022222222222222222222222222222222222111111110000000000000
00000000000000011111110000000000000000000000000000000000000000000000222222222222222222222222222222222222221111111100000000000000
00000000000000041111111000000000000000000000000000000000000000000222222222222222222222222200000000000000011111111000000000000000
00000000000000001111111100000000000000000000000000000000000002222222222222222222222222200000000000000000111111110000000000000000
00000000000000000111111110000000000000000000000000000000022222222222222222222222222220000000000000000001111111100000000000000000
00000000000000000051111111100000000000000000000000022222222222222222222222222222220000000000000000000011111111000000000000000000
00000000000000000005111111110000000000000000022222222222222222222222222222222220000000000000000000001111111110000000000000000000
00000000000000000000111111111000000000022222222222222222222222222222222222220000000000000000000000011111111100000000000000000000
00000000000000000000011111111182222222222222222222222222222222222222222220000000000000000000000000111111111000000000000000000000
0000000000000000000000E111111111222222222222222222222222222222222222220000000000000000000000000051111111110000000000000000000000
00000000000000000000000511111111182222222222222222222222222222222200000000000000000000000000000111111111100000000000000000000000
00000000000000000000000001111111111222222222222222222222222222000000000000000000000000000000011111111114000000000000000000000000
00000000000000000000000000111111111142222222222222222222220000000000000000000000000000000000111111111100000000000000000000000000
00000000000000000000000000001111111111122222222222220000000000000000000000000000000000000111111111115000000000000000000000000000
00000000000000000000000000000111111111111822220000000000000000000000000000000000000000011111111111100000000000000000000000000000
00000000000000000000000000000001111111111111000000000000000000000000000000000000000051111111111111000000000000000000000000000000
00000000000000000000000000000000411111111111115000000000000000000000000000000000001111111111111100000000000000000000000000000000
00000000000000000000000000000000001111111111111114000000000000000000000000000051111111111111110000000000000000000000000000000000
00000000000000000000000000000000000011111111111111111140000000000000000000111111111111111111000000000000000000000000000000000000
00000000000000000000000000000000000000111111111111111111111111111111111111111111111111111150000000000000000000000000000000000000
00000000000000000000000000000000000000004111111111111111111111111111111111111111111111110000000000000000000000000000000000000000
00000000000000000000000000000000000000000000111111111111111111111111111111111111111150000000000000000000000000000000000000000000
00000000000000000000000000000000000000000000005111111111111111111111111111111111140000000000000000000000000000000000000000000000
00000000000000000000000000000000000000000000000000011111111111111111111111111500000000000000000000000000000000000000000000000000
00000000000000000000000000000000000000000000000000000000541111111111111450000000000000000000000000000000000000000000000000000000
